
04 00
30 22 04 0B 63 75 72 72 65 6E 74 54 69 6D 65 31 
13 04 11 32 30 31 39 31 30 32 31 31 39 34 39 30 
39 2E 30 5A
30 56 04 11 73 75 62 73 63 68 65 6D 61 53 75 62 
65 6E 74 72 79 31 41 04 3F 43 4E 3D 41 67 67 72 
65 67 61 74 65 2C 43 4E 3D 53 63 68 65 6D 61 2C 
43 4E 3D 43 6F 6E 66 69 67 75 72 61 74 69 6F 6E 
2C 44 43 3D 74 65 73 74 65 2C 44 43 3D 75 64 65 
73 63 2C 44 43 3D 62 72
30 74 04 0D 64 73 53 65 72 76 69 63 65 4E 61 6D 
65 31 63 04 61 43 4E 3D 4E 54 44 53 20 53 65 74 
74 69 6E 67 73 2C 43 4E 3D 44 43 2D 30 31 2D 43 
43 54 2C 43 4E 3D 53 65 72 76 65 72 73 2C 43 4E 
3D 43 43 54 2C 43 4E 3D 53 69 74 65 73 2C 43 4E 
3D 43 6F 6E 66 69 67 75 72 61 74 69 6F 6E 2C 44 
43 3D 74 65 73 74 65 2C 44 43 3D 75 64 65 73 63 
2C 44 43 3D 62 72
30 81 E0 04 0E 6E 61 6D 69 6E 67 43 6F 6E 74 65 
78 74 73 31 81 CD 04 17 44 43 3D 74 65 73 74 65 
2C 44 43 3D 75 64 65 73 63 2C 44 43 3D 62 72 04 
28 43 4E 3D 43 6F 6E 66 69 67 75 72 61 74 69 6F 
6E 2C 44 43 3D 74 65 73 74 65 2C 44 43 3D 75 64 
65 73 63 2C 44 43 3D 62 72 04 32 43 4E 3D 53 63 
68 65 6D 61 2C 43 4E 3D 43 6F 6E 66 69 67 75 72 
61 74 69 6F 6E 2C 44 43 3D 74 65 73 74 65 2C 44 
43 3D 75 64 65 73 63 2C 44 43 3D 62 72 04 29 44 
43 3D 44 6F 6D 61 69 6E 44 6E 73 5A 6F 6E 65 73 
2C 44 43 3D 74 65 73 74 65 2C 44 43 3D 75 64 65 
73 63 2C 44 43 3D 62 72 04 29 44 43 3D 46 6F 72 
65 73 74 44 6E 73 5A 6F 6E 65 73 2C 44 43 3D 74 
65 73 74 65 2C 44 43 3D 75 64 65 73 63 2C 44 43 
3D 62 72
30 31 04 14 64 65 66 61 75 6C 74 4E 61 6D 69 6E 
67 43 6F 6E 74 65 78 74 31 19 04 17 44 43 3D 74 
65 73 74 65 2C 44 43 3D 75 64 65 73 63 2C 44 43 
3D 62 72
30 4B 04 13 73 63 68 65 6D 61 4E 61 6D 69 6E 67 
43 6F 6E 74 65 78 74 31 34 04 32 43 4E 3D 53 63 
68 65 6D 61 2C 43 4E 3D 43 6F 6E 66 69 67 75 72 
61 74 69 6F 6E 2C 44 43 3D 74 65 73 74 65 2C 44 
43 3D 75 64 65 73 63 2C 44 43 3D 62 72
30 47 04 19 63 6F 6E 66 69 67 75 72 61 74 69 6F 
6E 4E 61 6D 69 6E 67 43 6F 6E 74 65 78 31 2A 04 
28 43 4E 3D 43 6F 6E 66 69 67 75 72 61 74 69 6F 
6E 2C 44 43 3D 74 65 73 74 65 2C 44 43 3D 75 64 
65 73 63 2C 44 43 3D 62 72
30 34 04 17 72 6F 6F 74 44 6F 6D 61 69 6E 4E 61 
6D 69 6E 67 43 6F 6E 74 65 78 74 31 19 04 17 44 
43 3D 74 65 73 74 65 2C 44 43 3D 75 64 65 73 63 
2C 44 43 3D 62 72
30 1E 04 14 73 75 70 70 6F 72 74 65 64 4C 44 41 
50 56 65 72 73 69 6F 6E 31 06 04 01 33 04 01 32
30 82 01 84 04 15 73 75 70 70 6F 72 74 65 64 4C 
44 41 50 50 6F 6C 69 63 69 65 73 31 82 01 69 04 
0E 4D 61 78 50 6F 6F 6C 54 68 72 65 61 64 73 04 
19 4D 61 78 50 65 72 63 65 6E 74 44 69 72 53 79 
6E 63 52 65 71 75 65 73 74 73 04 0F 4D 61 78 44 
61 74 61 67 72 61 6D 52 65 63 76 04 10 4D 61 78 
52 65 63 65 69 76 65 42 75 66 66 65 72 04 0F 49 
6E 69 74 52 65 63 76 54 69 6D 65 6F 75 74 04 0E 
4D 61 78 43 6F 6E 6E 65 63 74 69 6F 6E 73 04 0F 
4D 61 78 43 6F 6E 6E 49 64 6C 65 54 69 6D 65 04 
0B 4D 61 78 50 61 67 65 53 69 7A 65 04 16 4D 61 
78 42 61 74 63 68 52 65 74 75 72 6E 4D 65 73 73 
61 67 65 73 04 10 4D 61 78 51 75 65 72 79 44 75 
72 61 74 69 6F 6E 04 10 4D 61 78 54 65 6D 70 54 
61 62 6C 65 53 69 7A 65 04 10 4D 61 78 52 65 73 
75 6C 74 53 65 74 53 69 7A 65 04 0D 4D 69 6E 52 
65 73 75 6C 74 53 65 74 73 04 14 4D 61 78 52 65 
73 75 6C 74 53 65 74 73 50 65 72 43 6F 6E 6E 04 
16 4D 61 78 4E 6F 74 69 66 69 63 61 74 69 6F 6E 
50 65 72 43 6F 6E 6E 04 0B 4D 61 78 56 61 6C 52 
61 6E 67 65 04 15 4D 61 78 56 61 6C 52 61 6E 67 
65 54 72 61 6E 73 69 74 69 76 65 04 11 54 68 72 
65 61 64 4D 65 6D 6F 72 79 4C 69 6D 69 74 04 18 
53 79 73 74 65 6D 4D 65 6D 6F 72 79 4C 69 6D 69 
74 50 65 72 63 65 6E 74
30 1D 04 13 68 69 67 68 65 73 74 43 6F 6D 6D 69 
74 74 65 64 55 53 4E 31 06 04 04 32 30 32 30
30 45 04 17 73 75 70 70 6F 72 74 65 64 53 41 53 
4C 4D 65 63 68 61 6E 69 73 6D 73 31 2A 04 06 47 
53 53 41 50 49 04 0A 47 53 53 2D 53 50 4E 45 47 
4F 04 08 45 58 54 45 52 4E 41 4C 04 0A 44 49 47 
45 53 54 2D 4D 44 35
30 2D 04 0B 64 6E 73 48 6F 73 74 4E 61 6D 65 31 
1E 04 1C 54 45 53 54 45 2D 30 31 2D 54 45 53 54 
45 2E 63 6F 72 70 2E 75 64 65 73 63 2E 62 72
30 40 04 0F 6C 64 61 70 53 65 72 76 69 63 65 4E 
61 6D 65 31 2D 04 2B 63 6F 72 70 2E 75 64 65 73 
63 2E 62 72 3A 74 65 73 74 65 2D 30 31 2D 74 65 
73 74 65 24 40 43 4F 52 50 2E 55 44 45 53 43 2E 
42 52
30 64 04 0A 73 65 72 76 65 72 4E 61 6D 65 31 56 
04 54 43 4E 3D 54 45 53 54 45 2D 30 31 54 45 53 
54 45 2C 43 4E 3D 53 65 72 76 65 72 73 2C 43 4E 
3D 43 43 54 2C 43 4E 3D 53 69 74 65 73 2C 43 4E 
3D 43 6F 6E 66 69 67 75 72 61 74 69 6F 6E 2C 44 
43 3D 74 65 73 74 65 2C 44 43 3D 75 64 65 73 63 
2C 44 43 3D 62 72
30 18 04 0E 69 73 53 79 6E 63 68 72 6F 6E 69 7A 
65 64 31 06 04 04 54 52 55 45
30 1E 04 14 69 73 47 6C 6F 62 61 6C 43 61 74 61 
6C 6F 67 52 65 61 64 79 31 06 04 04 54 52 55 45
30 1A 04 13 64 6F 6D 61 69 6E 46 75 6E 63 74 69 
6F 6E 61 6C 69 74 79 31 03 04 01 36
30 1A 04 13 66 6F 72 65 73 74 46 75 6E 63 74 69 
6F 6E 61 6C 69 74 79 31 03 04 01 36