0000   04 00 30 84 00 00 0b 3d 30 84 00 00 00 26 04 0b
0010   63 75 72 72 65 6e 74 54 69 6d 65 31 84 00 00 00
0020   13 04 11 32 30 31 39 31 30 32 31 31 39 34 39 30
0030   39 2e 30 5a 30 84 00 00 00 59 04 11 73 75 62 73
0040   63 68 65 6d 61 53 75 62 65 6e 74 72 79 31 84 00
0050   00 00 40 04 3e 43 4e 3d 41 67 67 72 65 67 61 74
0060   65 2c 43 4e 3d 53 63 68 65 6d 61 2c 43 4e 3d 43
0070   6f 6e 66 69 67 75 72 61 74 69 6f 6e 2c 44 43 3d
0080   63 6f 72 70 2c 44 43 3d 75 64 65 73 63 2c 44 43
0090   3d 62 72 30 84 00 00 00 77 04 0d 64 73 53 65 72
00a0   76 69 63 65 4e 61 6d 65 31 84 00 00 00 62 04 60
00b0   43 4e 3d 4e 54 44 53 20 53 65 74 74 69 6e 67 73
00c0   2c 43 4e 3d 44 43 2d 30 31 2d 43 43 54 2c 43 4e
00d0   3d 53 65 72 76 65 72 73 2c 43 4e 3d 43 43 54 2c
00e0   43 4e 3d 53 69 74 65 73 2c 43 4e 3d 43 6f 6e 66
00f0   69 67 75 72 61 74 69 6f 6e 2c 44 43 3d 63 6f 72
0100   70 2c 44 43 3d 75 64 65 73 63 2c 44 43 3d 62 72
0110   30 84 00 00 00 de 04 0e 6e 61 6d 69 6e 67 43 6f
0120   6e 74 65 78 74 73 31 84 00 00 00 c8 04 16 44 43
0130   3d 63 6f 72 70 2c 44 43 3d 75 64 65 73 63 2c 44
0140   43 3d 62 72 04 27 43 4e 3d 43 6f 6e 66 69 67 75
0150   72 61 74 69 6f 6e 2c 44 43 3d 63 6f 72 70 2c 44
0160   43 3d 75 64 65 73 63 2c 44 43 3d 62 72 04 31 43
0170   4e 3d 53 63 68 65 6d 61 2c 43 4e 3d 43 6f 6e 66
0180   69 67 75 72 61 74 69 6f 6e 2c 44 43 3d 63 6f 72
0190   70 2c 44 43 3d 75 64 65 73 63 2c 44 43 3d 62 72
01a0   04 28 44 43 3d 44 6f 6d 61 69 6e 44 6e 73 5a 6f
01b0   6e 65 73 2c 44 43 3d 63 6f 72 70 2c 44 43 3d 75
01c0   64 65 73 63 2c 44 43 3d 62 72 04 28 44 43 3d 46
01d0   6f 72 65 73 74 44 6e 73 5a 6f 6e 65 73 2c 44 43
01e0   3d 63 6f 72 70 2c 44 43 3d 75 64 65 73 63 2c 44
01f0   43 3d 62 72 30 84 00 00 00 34 04 14 64 65 66 61
0200   75 6c 74 4e 61 6d 69 6e 67 43 6f 6e 74 65 78 74
0210   31 84 00 00 00 18 04 16 44 43 3d 63 6f 72 70 2c
0220   44 43 3d 75 64 65 73 63 2c 44 43 3d 62 72 30 84
0230   00 00 00 4e 04 13 73 63 68 65 6d 61 4e 61 6d 69
0240   6e 67 43 6f 6e 74 65 78 74 31 84 00 00 00 33 04
0250   31 43 4e 3d 53 63 68 65 6d 61 2c 43 4e 3d 43 6f
0260   6e 66 69 67 75 72 61 74 69 6f 6e 2c 44 43 3d 63
0270   6f 72 70 2c 44 43 3d 75 64 65 73 63 2c 44 43 3d
0280   62 72 30 84 00 00 00 4b 04 1a 63 6f 6e 66 69 67
0290   75 72 61 74 69 6f 6e 4e 61 6d 69 6e 67 43 6f 6e
02a0   74 65 78 74 31 84 00 00 00 29 04 27 43 4e 3d 43
02b0   6f 6e 66 69 67 75 72 61 74 69 6f 6e 2c 44 43 3d
02c0   63 6f 72 70 2c 44 43 3d 75 64 65 73 63 2c 44 43
02d0   3d 62 72 30 84 00 00 00 37 04 17 72 6f 6f 74 44
02e0   6f 6d 61 69 6e 4e 61 6d 69 6e 67 43 6f 6e 74 65
02f0   78 74 31 84 00 00 00 18 04 16 44 43 3d 63 6f 72
0300   70 2c 44 43 3d 75 64 65 73 63 2c 44 43 3d 62 72
0310   30 84 00 00 03 a9 04 10 73 75 70 70 6f 72 74 65
0320   64 43 6f 6e 74 72 6f 6c 31 84 00 00 03 91 04 16
0330   31 2e 32 2e 38 34 30 2e 31 31 33 35 35 36 2e 31
0340   2e 34 2e 33 31 39 04 16 31 2e 32 2e 38 34 30 2e
0350   31 31 33 35 35 36 2e 31 2e 34 2e 38 30 31 04 16
0360   31 2e 32 2e 38 34 30 2e 31 31 33 35 35 36 2e 31
0370   2e 34 2e 34 37 33 04 16 31 2e 32 2e 38 34 30 2e
0380   31 31 33 35 35 36 2e 31 2e 34 2e 35 32 38 04 16
0390   31 2e 32 2e 38 34 30 2e 31 31 33 35 35 36 2e 31
03a0   2e 34 2e 34 31 37 04 16 31 2e 32 2e 38 34 30 2e
03b0   31 31 33 35 35 36 2e 31 2e 34 2e 36 31 39 04 16
03c0   31 2e 32 2e 38 34 30 2e 31 31 33 35 35 36 2e 31
03d0   2e 34 2e 38 34 31 04 16 31 2e 32 2e 38 34 30 2e
03e0   31 31 33 35 35 36 2e 31 2e 34 2e 35 32 39 04 16
03f0   31 2e 32 2e 38 34 30 2e 31 31 33 35 35 36 2e 31
0400   2e 34 2e 38 30 35 04 16 31 2e 32 2e 38 34 30 2e
0410   31 31 33 35 35 36 2e 31 2e 34 2e 35 32 31 04 16
0420   31 2e 32 2e 38 34 30 2e 31 31 33 35 35 36 2e 31
0430   2e 34 2e 39 37 30 04 17 31 2e 32 2e 38 34 30 2e
0440   31 31 33 35 35 36 2e 31 2e 34 2e 31 33 33 38 04
0450   16 31 2e 32 2e 38 34 30 2e 31 31 33 35 35 36 2e
0460   31 2e 34 2e 34 37 34 04 17 31 2e 32 2e 38 34 30
0470   2e 31 31 33 35 35 36 2e 31 2e 34 2e 31 33 33 39
0480   04 17 31 2e 32 2e 38 34 30 2e 31 31 33 35 35 36
0490   2e 31 2e 34 2e 31 33 34 30 04 17 31 2e 32 2e 38
04a0   34 30 2e 31 31 33 35 35 36 2e 31 2e 34 2e 31 34
04b0   31 33 04 17 32 2e 31 36 2e 38 34 30 2e 31 2e 31
04c0   31 33 37 33 30 2e 33 2e 34 2e 39 04 18 32 2e 31
04d0   36 2e 38 34 30 2e 31 2e 31 31 33 37 33 30 2e 33
04e0   2e 34 2e 31 30 04 17 31 2e 32 2e 38 34 30 2e 31
04f0   31 33 35 35 36 2e 31 2e 34 2e 31 35 30 34 04 17
0500   31 2e 32 2e 38 34 30 2e 31 31 33 35 35 36 2e 31
0510   2e 34 2e 31 38 35 32 04 16 31 2e 32 2e 38 34 30
0520   2e 31 31 33 35 35 36 2e 31 2e 34 2e 38 30 32 04
0530   17 31 2e 32 2e 38 34 30 2e 31 31 33 35 35 36 2e
0540   31 2e 34 2e 31 39 30 37 04 17 31 2e 32 2e 38 34
0550   30 2e 31 31 33 35 35 36 2e 31 2e 34 2e 31 39 34
0560   38 04 17 31 2e 32 2e 38 34 30 2e 31 31 33 35 35
0570   36 2e 31 2e 34 2e 31 39 37 34 04 17 31 2e 32 2e
0580   38 34 30 2e 31 31 33 35 35 36 2e 31 2e 34 2e 31
0590   33 34 31 04 17 31 2e 32 2e 38 34 30 2e 31 31 33
05a0   35 35 36
